6.64845333473 6.64845335473
9.831444422887 9.831444442887001
11.95884561608 11.958845636080001
16.03382111838 16.033821138380002
17.56699428233 17.566994302330002
19.540732612779998 19.54073263278
22.22740544446 22.227405464460002
24.58846620741 24.588466227410002
26.776095937999997 26.776095958
28.461035090179998 28.46103511018
29.70790934048 29.707909360480002
33.00045599687 33.000456016870004
34.7288129689 34.7288129889
35.86863836181 35.86863838181
38.12918471144 38.12918473144
39.5605729364 39.5605729564
41.84243853579 41.842438555790004
44.031290051439996 44.03129007144
45.42730007278 45.42730009278
46.49272714949 46.49272716949
48.34566181107 48.345661831070004
51.08775191675 51.08775193675
52.12590222132 52.12590224132
53.83044518544 53.83044520544
55.5892803254 55.5892803454
56.83886593289 56.83886595289
58.38611747536 58.386117495360004
61.13886474192 61.138864761920004
62.13290471023 62.13290473023
63.70954305098 63.709543070980004
64.63735965537 64.63735967536999
66.74764183594 66.74764185593999
68.59072791483001 68.59072793483
70.11583714919 70.11583716918999
71.60595946924 71.60595948923999
73.35010542147 73.35010544146999
74.29368842802 74.29368844801999
75.53490410723 75.53490412722999
78.07217085438 78.07217087437999
79.7860624801 79.78606250009999
80.56730084641 80.56730086641
81.92338088315 81.92338090314999
83.69915699187001 83.69915701187
84.95250709375 84.95250711374999
86.80999666934001 86.80999668934
88.28177658971 88.28177660971
90.37657317213001 90.37657319213
90.71552592315001 90.71552594315
92.45024324377 92.45024326376999
93.39442392783 93.39442394782999
