6.64845334473
9.831444432887
11.95884562608
16.03382112838
17.56699429233
19.54073262278
22.22740545446
24.58846621741
26.776095948
28.46103510018
29.70790935048
33.00045600687
34.7288129789
35.86863837181
38.12918472144
39.5605729464
41.84243854579
44.03129006144
45.42730008278
46.49272715949
48.34566182107
51.08775192675
52.12590223132
53.83044519544
55.5892803354
56.83886594289
58.38611748536
61.13886475192
62.13290472023
63.70954306098
64.63735966537
66.74764184594
68.59072792483
70.11583715919
71.60595947924
73.35010543147
74.29368843802
75.53490411723
78.07217086438
79.7860624901
80.56730085641
81.92338089315
83.69915700187
84.95250710375
86.80999667934
88.28177659971
90.37657318213
90.71552593315
92.45024325377
93.39442393783
